12222222222222222222222222222222222222222222222222222214
1 0 0 0 0 0 0 0 0 0 0 0 0 1 1 0 0 0 0 0 0 0 0 0 0 0 0 14
1 0 1222221 0 122222221 0 1 1 0 122222221 0 1222221 0 14
1 0 1 5 5 1 0 1 5 5 5 1 0 1 1 0 1 5 5 5 1 0 1 5 5 1 0 14
1 0 1222221 0 122222221 0 1 1 0 122222221 0 1222221 0 14
1 0 0 0 0 0 0 0 0 0 0 0 0 0 0 0 0 0 0 0 0 0 0 0 0 0 0 14
12222222221 0 1 1 0 122222222222221 0 1 1 0 1222221 0 14
12222222221 0 1 1 0 122222222222221 0 1 1 0 1222221 0 14
1 0 0 0 0 0 0 1 1 0 0 0 0 1 1 0 0 0 0 1 1 0 0 0 0 0 0 14
12222222221 0 122222221 0 1 1 0 122222221 0 122222222214
5 5 5 5 5 1 0 122222221 0 1 1 0 122222221 0 1 5 5 5 5 04
5 5 5 5 5 1 0 1 1 0 0 0 0 0 0 0 0 0 0 1 1 0 1 5 5 5 5 04
5 5 5 5 5 1 0 1 1 0 12221 3 3 12221 0 1 1 0 1 5 5 5 5 04
12222222221 0 1 1 0 1 3 3 3 3 3 3 1 0 1 1 0 122222222214
0 0 0 0 0 0 0 0 0 0 1 3 3 3 3 3 3 1 0 0 0 0 0 0 0 0 0 04
12222222221 0 1 1 0 1 3 3 3 3 3 3 1 0 1 1 0 122222222214
5 5 5 5 5 1 0 1 1 0 122222222222221 0 1 1 0 1 5 5 5 5 54
5 5 5 5 5 1 0 1 1 0 0 0 0 0 0 0 0 0 0 1 1 0 1 5 5 5 5 54
5 5 5 5 5 1 0 1 1 0 122222222222221 0 1 1 0 1 5 5 5 5 54
12222222221 0 1 1 0 122222222222221 0 1 1 0 122222222214
1 0 0 0 0 0 0 0 0 0 0 0 0 1 1 0 0 0 0 0 0 0 0 0 0 0 0 14
1 0 1222221 0 122222221 0 1 1 0 122222221 0 1222221 0 14
1 0 1222221 0 122222221 0 1 1 0 122222221 0 1222221 0 14
1 0 0 0 1 1 0 0 0 0 0 0 0 0 0 0 0 0 0 0 0 0 1 1 0 0 0 14
1 1 1 0 1 1 0 1 1 0 122222222222221 0 1 1 0 1 1 0 1 1 14
1 1 1 0 1 1 0 1 1 0 122222222222221 0 1 1 0 1 1 0 1 1 14
1 0 0 0 0 0 0 1 1 0 0 0 0 1 1 0 0 0 0 1 1 0 0 0 0 0 0 14
1 0 1222222222222222221 0 1 1 0 1222222222222222221 0 14
1 0 1222222222222222221 0 1 1 0 1222222222222222221 0 14
1 0 0 0 0 0 0 0 0 0 0 0 0 0 0 0 0 0 0 0 0 0 0 0 0 0 0 14
12222222222222222222222222222222222222222222222222222214